Run 123615 is missing files! Missing file numbers: [1, 3, 5, 7, 9, 10, 12, 14, 16]
Run 123616 is missing files! Missing file numbers: [2, 4, 6, 8, 11, 13, 15, 17, 19, 20, 22, 24, 26, 28, 31, 33, 35, 37, 39, 40, 42, 44]
Run 123618 is missing files! Missing file numbers: [2, 4, 6, 8, 11]
Run 123619 is missing files! Missing file numbers: [1, 3, 5, 7, 9, 10, 12, 14, 16, 18, 21, 23, 25, 27, 29, 30, 32, 34, 36, 38]
Run 123620 is missing files! Missing file numbers: [1, 3, 5, 7, 9, 10, 12, 14, 16, 18, 21, 23, 25, 27, 29, 30, 32, 34, 36, 38, 41, 43, 45, 47, 49, 50, 52, 54, 56, 58, 61, 63, 65, 67, 69, 70, 72, 74, 76, 78, 81, 83, 85, 87, 89, 90, 92, 94, 96, 98, 100, 102, 104, 106, 108, 111, 113, 115, 117, 119, 120, 122, 124, 126, 128, 131, 133, 135, 137, 139, 140, 142, 144, 146, 148, 151, 153, 155, 157, 159, 160, 162, 164, 166, 168, 171, 173, 175, 177, 179, 180, 182, 184, 186, 188, 191, 193, 195, 197, 199, 201, 203, 205, 207, 209, 210, 212, 214, 216, 218, 221, 223, 225, 227]
Run 123621 is missing files! Missing file numbers: [2, 4, 6, 8, 11, 13, 15, 17, 19, 20, 22, 24, 26, 28, 31, 33, 35, 37, 39, 40, 42, 44, 46, 48, 51, 53, 55, 57, 59, 60, 62, 64, 66, 68, 71, 73, 75, 77, 79, 80, 82, 84, 86, 88, 91, 93, 95, 97, 99, 101, 103, 105, 107, 109, 110, 112, 114, 116, 118, 121, 123, 125, 127, 129, 130, 132, 134, 136, 138, 141, 143, 145, 147, 149, 150, 152, 154, 156, 158, 161, 163, 165, 167, 169, 170, 172, 174, 176, 178, 181, 183, 185, 187, 189, 190, 192, 194]
Run 123622 is missing files! Missing file numbers: [1, 3, 5, 7, 9, 10, 12, 14, 16, 18, 21, 23, 25, 27, 29, 30, 32, 34, 36, 38, 41]
Run 123627 is missing files! Missing file numbers: [2, 4, 6, 8, 11, 13]
Run 123628 is missing files! Missing file numbers: [1, 3, 5, 7, 9, 10, 12, 14, 16, 18, 21, 23, 25, 27, 29, 30, 32, 34, 36, 38]
Run 123629 is missing files! Missing file numbers: [2, 4, 6, 8, 11, 13, 15, 17, 19, 20, 22]
Run 123631 is missing files! Missing file numbers: [1, 3, 5, 7, 9, 10, 12, 14, 16, 18, 21, 23, 25, 27, 29, 30, 32, 34, 36, 38, 41, 43, 45, 47, 49, 50, 52, 54, 56, 58, 61, 63, 65, 67, 69, 70, 72, 74, 76, 78, 81, 83, 85, 87, 89, 90, 92, 94, 96, 98, 100, 102, 104, 106, 108, 111, 113, 115, 117, 119, 120, 122, 124, 126, 128, 131, 133, 135, 137, 139, 140, 142, 144, 146, 148, 151, 153, 155, 157, 159, 160, 162, 164, 166, 168, 171, 173, 175, 177, 179, 180, 182, 184, 186, 188, 191, 193, 195, 197, 199, 201, 203, 205, 207, 209, 210, 212, 214, 216, 218, 221, 223, 225, 227]
Run 123632 is missing files! Missing file numbers: [2, 4, 6, 8, 11, 13, 15, 17, 19, 20, 22, 24, 26, 28, 31, 33, 35, 37, 39, 40, 42, 44, 46, 48, 51, 53, 55, 57, 59, 60, 62, 64, 66, 68, 71, 73, 75, 77, 79, 80, 82, 84, 86, 88, 91, 93, 95, 97, 99, 101, 103, 105, 107, 109, 110, 112, 114, 116, 118, 121, 123, 125, 127, 129, 130, 132, 134, 136, 138, 141, 143, 145, 147, 149, 150, 152, 154, 156]
Run 123639 is missing files! Missing file numbers: [1, 3, 5]
Run 123640 is missing files! Missing file numbers: [1, 3, 5, 7, 9, 10]
Run 124074 is missing files! Missing file numbers: [89, 92, 98, 100, 106, 109, 110, 115, 117, 118, 120, 130, 132, 136, 139, 142, 143, 144, 145, 147, 149, 152, 157, 158, 159, 163, 167, 172, 173, 175, 183, 187, 190, 195, 197, 203, 206, 208, 210, 212, 214, 215, 216, 218, 220, 224]
Run 124077 is missing files! Missing file numbers: [5, 6, 7, 8, 13, 17, 18, 20, 21, 23, 24, 25, 26, 29, 37, 42, 45, 46, 53, 56, 60, 63, 64, 67, 68, 73, 74, 81, 82, 83, 86, 90, 92, 94, 95, 103, 105, 108, 111, 116, 120, 122, 128, 129, 132, 136, 139, 144, 145, 149, 152, 154, 155, 157, 160, 161, 163, 167, 177, 179, 180, 183, 189, 193, 195, 198, 199, 200, 201, 202, 206, 210, 213, 215, 220, 222, 225, 227]
Run 124078 is missing files! Missing file numbers: [1, 5, 8, 10, 14, 15, 16, 17, 25, 26, 28, 29, 35, 37, 40, 51, 52, 54, 55, 57, 58, 61, 63, 67, 73, 74, 75, 78, 81, 82, 83, 84, 86, 90, 92, 94, 100, 104, 105, 106, 107, 108, 110, 111, 116, 123, 124]
Run 124087 is missing files! Missing file numbers: [1, 6, 8, 11, 13, 15, 21]
Run 124088 is missing files! Missing file numbers: [11, 12, 14, 16, 18, 21, 24, 27, 28, 29, 30, 31, 33, 40, 45, 46, 47, 48, 51, 56, 61, 62, 66, 67, 73, 76, 83, 88, 91, 100, 102, 103, 104, 105, 106, 109, 113, 115, 116, 123, 124, 125, 129, 132, 134, 138, 139, 140, 141, 143, 154, 155, 156, 157]
Run 124090 is missing files! Missing file numbers: [2, 4, 6, 10, 11, 12, 14, 18, 20, 21, 22, 24, 25, 27, 28, 32, 33]
Run 124093 is missing files! Missing file numbers: [2, 5, 8, 10, 12, 14, 16, 19, 32, 36, 37, 40, 42, 43, 47, 48, 50, 51, 54, 55, 56, 60, 62, 64, 65, 67, 73, 75, 78, 79, 81, 82, 83, 84, 86, 88, 94, 96, 100, 101, 103, 104, 106, 113, 114, 119, 120, 121, 126, 128, 131, 133, 134, 135, 139, 152, 157, 158]
Run 124249 is missing files! Missing file numbers: [102, 105, 108]
Run 124250 is missing files! Missing file numbers: [4, 6, 7, 8, 9, 18, 19, 20, 25, 26, 27, 28, 32, 35, 39, 44, 46, 49, 50, 51, 52, 53, 55, 60, 62, 65, 66, 68, 70, 72, 81, 84, 89, 97, 101, 102, 103, 114, 116, 122, 127, 129, 133, 137, 139, 140]
Run 124252 is missing files! Missing file numbers: [2, 5]
Run 124253 is missing files! Missing file numbers: [3, 5, 6, 7, 13, 19, 24, 25, 28, 31, 32, 34, 35, 39, 43, 48]
Run 124256 is missing files! Missing file numbers: [5, 12, 14, 15, 16, 19, 22, 23, 24, 25, 27, 28, 30, 31, 33, 35, 36, 39, 40, 41, 42, 44, 45, 46, 49, 50, 52, 54, 55, 60, 61, 62, 64, 66, 67, 68, 70, 73, 74, 77, 79, 80, 84, 85, 87, 89, 93, 98, 99, 100, 101, 103, 105, 112, 114, 115, 118, 119, 122, 123, 124, 127, 128, 130, 132, 133, 136, 137, 138, 141, 142, 143, 145, 146, 147, 149, 151, 152, 154, 155, 160, 164, 165, 169, 172, 173, 175, 176, 177, 178, 179, 183, 184, 187, 188, 190, 191, 192, 193, 195, 196, 198, 200, 201, 203, 206, 208, 211, 216, 217, 218, 219, 222, 224]
Run 124257 is missing files! Missing file numbers: [4, 7, 9, 10, 11, 12, 14, 15, 16, 18, 21, 26, 28, 31, 32, 33, 36, 37, 39, 40, 43, 45, 46, 49, 50, 57, 58, 61, 63, 64, 68, 73, 74, 75, 77, 79, 83, 85, 87, 90, 92, 96, 97, 104, 106, 108, 109, 110, 112, 114, 117, 124, 125, 126, 131, 132, 133, 136, 138, 139, 140, 142, 144, 149, 151, 153, 155, 158, 159, 161, 163, 164, 165, 168, 169, 170, 171, 172, 174, 177, 180, 182, 183, 184, 185, 186, 187, 188, 189, 191, 198, 199, 201, 202, 205, 207, 208, 212, 213, 216, 217, 218, 219, 221, 225, 226]
Run 124259 is missing files! Missing file numbers: [3, 4, 5, 6, 7, 8, 13, 15, 16, 19, 20, 22, 23, 25, 28, 30, 31, 34, 35, 37, 40, 41, 42, 44, 45, 48, 49, 50, 51, 53, 54, 56, 61, 67, 69, 72, 74, 78, 79, 82, 84, 86, 88, 91, 92, 93, 97, 98, 99, 100, 101, 102, 104, 105, 106, 107, 108, 109, 110, 114, 116, 117, 118, 121, 123, 125, 126, 127, 130, 132, 134, 135, 136, 137, 140, 141, 142, 145, 146, 147, 148, 149, 150, 155, 156, 161, 162, 163, 169, 170, 171, 173, 174, 175, 176, 178, 180, 181, 182, 183, 185, 188, 189, 200, 201, 202, 203, 204, 205, 206, 207, 208, 209, 215, 217, 218, 220, 224]
Run 124260 is missing files! Missing file numbers: [4, 9, 10, 12]
Run 124261 is missing files! Missing file numbers: [6, 10, 12, 16]
Run 124265 is missing files! Missing file numbers: [5, 6, 7]
Run 124266 is missing files! Missing file numbers: [3, 11, 13, 14, 15, 18, 20, 23, 27, 28, 30, 34, 35, 38, 39, 40, 41, 45, 46, 53, 54, 55, 56, 58, 59, 61, 63, 65, 66, 67, 68, 70, 72, 73, 77, 81, 82, 83, 85, 86, 87, 89, 90, 92, 93, 95, 97, 103, 106, 107, 109, 112, 114, 115, 116, 117, 119, 120, 122, 127, 130, 131, 132, 133, 134, 135, 137, 138, 140, 141, 143, 144, 145, 149, 152, 153, 154, 164, 165, 166, 167, 169, 171, 173, 175, 177, 178, 180, 181, 182, 188, 189, 190, 193, 195, 197, 199, 200, 205, 206, 209, 211, 212, 216, 217, 218, 220, 221, 222, 223, 224]
Run 124267 is missing files! Missing file numbers: [3, 5, 7, 9, 11, 12, 16, 17, 18, 20, 22, 24, 26, 29, 31, 32, 36, 38, 39, 41, 43, 45, 47, 49, 50, 53, 54, 56, 57, 58, 60, 61, 65, 67, 70, 72, 73, 76, 77, 80, 83, 85, 86, 89, 91, 92, 93, 94, 95, 96, 97, 98, 99, 100, 103, 104, 105, 111, 115, 116, 117, 119, 120, 121, 122, 124, 125, 128, 129, 130, 131, 132, 133, 134, 135, 137, 139, 141, 142, 144, 147, 149, 151, 159, 165, 166, 167, 168, 169, 170, 171, 172, 173, 174, 175, 176, 178, 179, 180, 182, 183, 188, 190, 196, 199, 201, 203, 204, 206, 209, 212, 213, 214, 218, 219, 223]
Run 124273 is missing files! Missing file numbers: [1]
Run 124274 is missing files! Missing file numbers: [1, 2, 4, 6]
Run 124275 is missing files! Missing file numbers: [3, 4, 6, 9, 10, 13, 17, 21, 23, 24, 28, 32, 34, 35, 36, 38, 42, 45, 47, 51, 54, 56, 58, 61, 64, 66, 67, 71, 72, 77, 79, 82, 84, 85, 87, 90, 92, 95, 96, 97, 99, 102, 103, 110, 111, 112, 113, 116, 124, 126, 128, 130, 131, 133, 134, 139, 140, 142, 144, 145, 153, 154, 155, 159, 160, 162, 163, 164, 166, 170, 171, 175, 176, 178, 179, 181, 184, 185, 188, 192, 195, 196, 197, 199, 202, 203, 206, 208, 209, 211, 212, 215, 217, 218, 221, 222]
Run 124276 is missing files! Missing file numbers: [3, 6, 7, 8, 10, 11, 12, 13, 14, 15, 17, 18, 19, 21, 22, 23, 29, 30, 34, 37, 39, 42, 43, 46, 48, 50, 52, 57, 59, 60, 61, 62, 63, 64, 65, 68, 73, 75, 78, 80, 85, 87, 88, 89, 90, 93, 94, 96, 98, 103, 104, 105, 107, 109, 112, 113, 114, 116, 117, 120, 122, 123, 124, 125, 126, 127, 140, 144, 146, 147, 149, 150, 156, 157, 158, 160, 161, 162, 163, 165, 169, 170, 171, 172, 173, 174, 175, 177, 178, 182, 185, 188, 193, 196, 198, 200, 205, 206, 210, 211, 212, 213, 218, 219, 220]
Run 124277 is missing files! Missing file numbers: [2, 3, 4, 5, 8, 10, 11, 12, 17, 19, 21, 22, 27, 28, 29, 30, 31, 32, 33, 35, 39, 40, 41, 42, 44, 49, 51, 53, 55, 56, 57, 58, 60, 61, 62, 64, 66, 70, 71, 72, 73, 75, 78, 81, 82, 83, 84, 85, 86, 89, 92, 93]
Run 124303 is missing files! Missing file numbers: [29]
Run 124307 is missing files! Missing file numbers: [61]
Run 124309 is missing files! Missing file numbers: [75]
Run 124316 is missing files! Missing file numbers: [91, 92, 94, 95, 96, 100, 102, 104, 105, 106, 107, 108, 111, 112, 114, 117, 118, 119, 121]
Run 124695 is missing files! Missing file numbers: [37, 39]
Run 124724 is missing files! Missing file numbers: [115, 116, 117, 118]
Run 124755 is missing files! Missing file numbers: [104]
Run 124982 is missing files! Missing file numbers: [91, 93, 94, 95, 96, 97, 98, 99, 100, 101, 102, 103, 104, 105, 106, 107, 108, 109, 110, 111, 112, 113, 114, 115, 116, 117, 118, 119, 120, 121, 122, 123, 124, 125, 126, 127, 128, 129, 130, 131, 132, 133, 134, 135, 136, 137, 138, 139, 140, 141, 142, 143, 144, 145, 146, 147, 148, 149, 150, 151, 152, 153, 154, 155, 156, 157]
Run 125145 is missing files! Missing file numbers: [48, 50, 52, 53, 54, 55, 56, 57, 58, 59, 60, 61, 62, 63, 64, 65, 66, 67, 68, 69, 70, 71, 72, 73, 74, 75, 76, 77, 78, 79, 80, 81, 82, 83, 84, 85, 86, 87, 88, 89, 90, 91, 92, 93, 94, 95, 96, 97, 98, 99, 100, 101, 102, 103, 104, 105, 106, 107, 108, 109, 110, 111, 112, 113, 114, 115, 116, 117, 118, 119, 120, 121, 122, 123, 124, 125, 126, 127, 128, 129, 130, 131, 132, 134, 135]
Run 125175 is missing files! Missing file numbers: [44, 46, 47]
Run 125214 is missing files! Missing file numbers: [192, 193]
Run 125215 is missing files! Missing file numbers: [73]
Run 125216 is missing files! Missing file numbers: [129]
Run 125217 is missing files! Missing file numbers: [31]
Run 125238 is missing files! Missing file numbers: [142, 144]
Run 125242 is missing files! Missing file numbers: [63]
Run 125330 is missing files! Missing file numbers: [191]
Run 125349 is missing files! Missing file numbers: [190]
Run 125380 is missing files! Missing file numbers: [128, 132, 133, 134, 135, 136, 137, 138, 139, 140, 141, 142, 143, 144, 145, 146, 147, 148, 149, 150, 151, 152, 153, 154, 155, 156, 157, 158, 159, 160, 161, 162, 163, 164, 165, 166, 167, 168, 169, 170, 171, 172, 173, 175, 176, 177]
Run 125414 is missing files! Missing file numbers: [26, 27, 28, 29, 30, 31, 32, 33, 34, 35, 36, 37, 39, 40]
Run 125461 is missing files! Missing file numbers: [57, 68, 73, 86, 88, 92, 93, 94, 95, 98, 99, 101, 103, 106, 112, 116, 118]
Run 125552 is missing files! Missing file numbers: [70, 80, 85]
Run 125597 is missing files! Missing file numbers: [108, 109, 110, 111, 112, 113, 114, 115, 116, 117, 118, 119, 120, 121, 122, 123, 124, 125, 126, 127, 128, 129, 130, 131, 132, 133, 134, 135, 136, 137, 138, 139, 140, 141, 142, 143, 144, 145, 146, 147, 148, 149, 150, 151, 152, 153, 154, 155, 156, 157, 158, 159, 160, 161, 162, 163, 164, 165, 166, 167, 168, 169, 170, 171, 172, 173, 174, 175]
Run 125598 is missing files! Missing file numbers: [20, 21, 22, 23, 24, 25, 26, 27, 28, 29, 30, 31, 32, 33, 35, 36, 37, 38, 39, 40, 41, 42, 43, 44, 45, 46, 47, 48, 49, 50, 51, 52, 53, 54, 55, 56, 57, 58, 59, 60, 61, 62, 63, 64, 65, 66, 67, 68, 69, 70, 71, 72, 73, 74, 75, 77, 78, 79, 80, 81, 82, 83, 84, 85, 86, 87, 88, 89, 90, 91, 92, 93, 94, 95, 96, 98, 99, 100, 101, 102, 103, 104, 105, 107, 108, 110, 111, 112, 113, 114, 115, 116, 117, 118, 120]
Run 125599 is missing files! Missing file numbers: [4, 5, 6, 7, 8, 9, 10, 11, 12, 15, 16, 17, 18, 19, 20, 21, 22, 23, 24, 25, 26, 27, 28, 30, 31, 32, 33, 34, 35, 36, 38, 39, 40, 41, 42, 43, 44, 45, 46, 47, 49, 50, 51, 53, 54, 56, 57, 62, 64, 66, 67, 69, 70, 71, 73, 74, 76, 77, 78, 79, 80, 82, 83, 85, 86, 87, 89, 90, 91, 92, 93, 94, 95, 96, 98, 99, 100, 103, 105, 106, 107, 109, 112, 114, 116, 117, 118, 119, 122, 124, 127, 128, 129, 135, 137, 138, 139, 141, 143, 145, 146, 147, 151, 152, 154, 156, 157, 159, 161, 163, 164, 165, 167, 168, 170, 173, 177, 178, 179, 180, 183, 184, 185, 186, 187, 188, 190, 191, 192, 193, 194, 195, 196, 197, 198, 200, 201, 202, 203, 204, 205, 206, 207, 209, 210, 211, 212, 213, 214, 215, 217]
Run 125600 is missing files! Missing file numbers: [2, 4, 5, 7, 8, 10, 11, 12, 14, 15, 16, 18, 19, 21, 22, 23, 25, 29, 33, 35, 36, 37, 38, 39, 40, 41, 42, 43, 45, 46, 47, 48, 49, 50, 51, 52, 53, 55, 56, 57, 58, 60, 62, 63, 64, 65, 66, 67, 69, 71, 72, 74, 75, 76, 77, 78, 79, 80, 81, 82, 83, 84, 85, 86, 87, 89, 90, 91, 92, 93, 95, 96, 97, 98, 99, 100, 101, 103, 104, 106, 107, 108, 109, 112, 113, 115, 116, 118, 120, 121, 122, 123, 124, 125, 126, 128, 129, 130, 131, 132, 133, 135, 136, 137, 138, 139, 140, 141, 142, 143, 145, 146, 147, 148, 149, 150, 152, 153, 155, 157, 158, 159, 160, 161, 163, 164, 167, 168, 169, 171, 172, 174, 175, 177, 178, 179, 180, 181, 182, 183, 184, 185, 186, 189, 190, 191, 192, 193, 195, 196, 199, 202, 203, 204, 205, 207, 208, 209, 210, 211, 212, 213, 214, 216, 220, 221, 223, 224, 226, 227]
Run 125601 is missing files! Missing file numbers: [3]
Run 125606 is missing files! Missing file numbers: [6, 7, 9, 10, 11, 13, 14, 15, 16, 19, 20, 22, 24, 25, 27, 28, 30, 31, 33, 34, 35, 36, 37, 38, 39, 41, 43, 44, 46, 47, 49, 50, 51, 52, 53, 54, 55, 56, 57, 58, 59, 60, 61, 62, 63, 64, 65, 66, 67, 68, 70, 71, 72, 73, 74, 75, 77, 78, 79, 80, 81, 82, 83, 84, 85, 86, 87, 88, 89, 90, 91, 92, 93, 94, 95, 97, 98, 99, 100, 101, 103, 104, 105, 106, 107, 108, 109, 110, 112, 113, 115, 118, 120, 122, 124, 125, 126, 127, 128, 129, 130, 132, 133, 135, 136, 137, 138, 139, 140, 141, 142, 143, 144, 146, 147, 148, 149, 151, 153, 155, 158, 159, 160, 161, 163, 164, 166, 168, 169, 170, 171, 172, 174, 175, 176, 177, 178, 180, 181, 183, 184, 185, 186, 187, 188, 190, 191, 193, 195, 196, 197, 198, 201, 202, 203, 204, 205, 207, 208, 209, 210, 211, 212, 213, 214, 217, 218, 219, 220, 221, 223]
Run 125608 is missing files! Missing file numbers: [4, 8, 9, 10, 11, 12, 13, 14, 15, 16, 17, 18, 19, 21, 22, 23, 24, 27, 28, 29, 30, 31, 33, 34, 35, 36, 51, 78, 81]
Run 125646 is missing files! Missing file numbers: [152, 153, 155, 156, 161, 165, 172, 175, 185, 186, 189, 191, 195, 196, 199, 202, 204, 207, 209, 212, 215, 216, 220, 224, 227]
Run 125647 is missing files! Missing file numbers: [2, 5, 6, 7, 8, 23, 28, 29, 30, 35, 36, 37, 41, 46, 54, 55, 56, 58, 62, 64, 66, 68, 70, 71, 74, 75, 76, 80, 82, 83, 85, 89, 97, 98, 100, 101, 103, 104, 105, 106, 108, 109, 110, 111, 112, 113, 114, 115, 116, 117, 118, 119, 121, 122, 123, 124, 125, 126, 127, 128, 129, 130, 131, 132, 133, 134, 135, 136, 137, 138, 139, 140, 141, 142, 143, 145, 146, 147, 148, 149, 150, 151, 152, 153, 154, 155, 157, 158, 159, 160, 161, 162, 163, 164, 165, 166, 167, 168, 169, 170, 171, 172, 173, 174, 175, 176, 177, 178, 179, 180, 181, 183, 184, 185, 187, 188, 189, 190, 191, 192, 193, 194, 195, 196, 197, 198, 199, 200, 201, 202, 203, 204, 205, 206, 207, 208, 209, 210, 211, 212, 213]
Run 125660 is missing files! Missing file numbers: [181, 182, 183, 184, 185, 186, 187, 188, 189, 190, 191, 193, 194, 195, 196, 197, 198, 199, 200, 201, 202, 203, 204, 205, 206, 207, 208, 209, 210, 212, 213, 214, 215, 216, 218, 219]
Run 125661 is missing files! Missing file numbers: [36, 37, 38, 39, 40, 41, 42, 43, 44, 45, 46, 47, 48, 49, 50, 51, 52, 53, 54, 55, 56, 57, 58, 59, 60, 61, 62, 63, 64, 65, 66, 67, 68, 69, 70, 71, 72, 73, 74, 75, 76, 77, 78, 79, 80, 81, 82, 83, 84, 85, 86, 87, 88, 89, 90, 91, 92, 93, 94, 95, 96, 97, 98, 99, 100, 101, 102, 103, 104, 105, 106, 107, 108, 109, 110, 111, 112, 113, 114, 115, 116, 117, 118, 119, 120, 121, 122, 123, 124, 125, 126, 127, 128, 129, 130, 132, 133, 134, 135, 136, 137, 138, 139, 140, 141, 142, 145, 146, 147, 148, 149, 150, 151, 152, 153, 154, 155, 156, 157, 158, 159, 160, 161, 163, 164, 165, 166, 167, 168, 169, 170, 171, 172, 173, 174, 175, 176, 178, 179, 181, 182, 183, 185, 187, 188, 189, 190, 191, 192, 193, 196, 197, 199, 200, 201, 202, 203, 205, 207, 210, 212, 214, 215, 216, 218, 219, 221, 223, 224, 225, 226, 227, 228]
Run 125662 is missing files! Missing file numbers: [2, 3, 4, 5, 6, 7, 9]
